0.9999999812835193 -0.00018309883254100174 6.25122277733231e-05 -0.9986060414168054 0.00018309481749137867 0.9999999811755315 6.422791057856754e-05 0.0004883148324642539 -6.252398665200712e-05 -6.421646371151196e-05 0.9999999959834984 -0.0012781022449690482
0.9999993377410955 -0.0006911806707672141 -0.0009202101123076766 -1.1152918705473251 0.0006912582884831733 0.9999997575502345 8.403243950446109e-05 -0.00275785570131043 0.0009201518076050477 -8.466848672050847e-05 0.9999995730758581 -0.013474191302137228
0.9999970120042335 -0.0011146255514544088 -0.002175682073509194 -1.2284453171853462 0.0011142666238989768 0.999999365397246 -0.00016617760441397066 -0.003477595981164483 0.0021758659186193172 0.00016375281795726556 0.9999976193934258 -0.03126755496349176
0.9999940791571886 -0.001406340206549866 -0.003140677918831865 -1.3446142943351904 0.001406164460735017 0.9999990096586584 -5.8165383863610904e-05 -0.007057397913418417 0.003140756608806638 5.3748729803439396e-05 0.9999950663673288 -0.04030672279235681
0.9999917128540776 -0.0013596748013247144 -0.0038373829106118206 -1.4631701719277412 0.0013588804600090372 0.9999990547553187 -0.000209600488067455 -0.006050200359082714 0.0038376642718480044 0.00020438420642282198 0.9999926152527491 -0.0441443023141872
0.9999932136613737 -0.001220978716592847 -0.0034758944419761672 -1.5911009375712475 0.0012204932898129187 0.9999992451479954 -0.00014177294813707867 -0.006573530328053523 0.0034760649199425445 0.00013752968017531465 0.9999939490108225 -0.04135936172765042
0.9999902061359297 -0.0014853667773785655 -0.004169090759074985 -1.7102732121160966 0.0014851462269445945 0.9999988956019173 -5.599669844383965e-05 -0.011994035228646838 0.004169169330374656 4.9804440609156914e-05 0.9999913077355285 -0.04720569053664292
0.9999779356103373 -0.0034351891274946745 -0.005685751326472438 -1.8049293554667858 0.003436911520130954 0.9999940508222119 0.00029318831169352694 -0.018365506462049624 0.005684710343626299 -0.0003127232669069262 0.9999837930049004 -0.07673988232523143
0.9999736816891611 -0.003810194129650118 -0.006174005970092102 -1.920757478962689 0.003810567280740084 0.9999927385774201 4.867679541301398e-05 -0.01856237588923615 0.00617377566998561 -7.220197946270857e-05 0.9999809394587733 -0.08245872652406838
0.9999745598340806 -0.003777880053283462 -0.0060503972547108435 -2.043501596730491 0.003778884913524244 0.9999928480292372 0.0001546582860405396 -0.01818123323184828 0.006049769701992667 -0.00017751810641473723 0.9999816842192034 -0.08277475866486306
0.9999720089037435 -0.0028363854870561817 -0.006923606457639297 -2.151528445300118 0.0028344501753429486 0.9999959410848076 -0.0002893200884591702 -0.011190689933367637 0.006924398978607879 0.0002696873725348639 0.9999759896955057 -0.06929504759045102
0.9998206712305926 -0.014930152577641092 -0.011649717765488761 -2.225432763384469 0.014938390674048374 0.9998882235167011 0.0006204487770883208 -0.04934984779690631 0.011639152206096971 -0.0007943655479959182 0.999931947244061 -0.12879061507067924
0.9998048549120363 -0.015217978066201775 -0.01259623903784598 -2.337999655984588 0.015227886933396504 0.9998838101628056 0.0006911105947888879 -0.05359155457755947 0.012584258177010093 -0.000882789831805429 0.9999204253980649 -0.13869072840175534
0.9997984312460162 -0.015440759899288899 -0.012832763215208305 -2.4564509416317954 0.015451089618020487 0.9998803754083222 0.0007061890175762857 -0.05451272366052627 0.012820324006084677 -0.000904326846420956 0.9999174073318925 -0.13681050127364003
0.9997887596117273 -0.015608101640056922 -0.013372483585233939 -2.57205289931208 0.015620610156340324 0.999877645129991 0.0008314491250117559 -0.05765387859817145 0.01335787005429145 -0.001040159842282759 0.9999102386590084 -0.143145571919149
0.9997877255008689 -0.015400287983841883 -0.013687040140729325 -2.688817144251509 0.015414078592448322 0.9998807886045721 0.0009026409280004123 -0.057965960530359295 0.013671507559337662 -0.0011134224327767226 0.9999059206603095 -0.143147082478853
0.9997743297162904 -0.01591481508076896 -0.014071542249775592 -2.806878006206182 0.015928141625985194 0.9998727900435446 0.0008354848176031637 -0.05898282762694401 0.014056455623123791 -0.0010594297913578 0.9999006418958998 -0.14409041218081953
0.9997830839341111 -0.015189271925381746 -0.014250301666109152 -2.9275852733644 0.015201567329707186 0.9998841645377051 0.0007548890355013645 -0.05631113685473167 0.014237184760994096 -0.0009713522081875975 0.9998981743382518 -0.14350179230373072
0.9998407071376275 -0.010798033263820108 -0.01421136264270227 -3.0742551666687046 0.010800256311273624 0.9999416723557017 7.968747143690808e-05 -0.030248372747222863 0.014209673259429767 -0.0002331611368651311 0.9998990103114137 -0.07539264987127225
0.9997802041474707 -0.015257133080828144 -0.014379265801693512 -3.2209881081989287 0.015274078311075226 0.9998827726298544 0.0010693595196159685 -0.05219240672602736 0.014361264797676923 -0.0012887545107395267 0.9998960411888939 -0.04549587604240912
0.99989872408415 0.0023638591446029046 -0.014034020978793235 -3.3700488542634046 -0.0024070191744925123 0.9999924234671868 -0.0030592918978456143 0.05517190984180444 0.014026682914444057 0.0030927622228479933 0.9998968381729441 0.10033184566339592
0.9996874091125467 0.02155802924322518 -0.01266236300980133 -3.5335193250900123 -0.021644497646977488 0.9997430657389079 -0.0067318815036804145 0.16105442699457231 0.012513983516599457 0.007003847665237767 0.9998971678799917 0.21967388402744703
0.9998294726774308 -0.012083532392948388 -0.013964734529493402 -3.5982651725979293 0.012102311082848009 0.999925969238043 0.001260995564703002 -0.04456221245847061 0.013948463428802205 -0.0014297860919709 0.9999016932077406 -0.12870728517612307
0.9998215839521222 -0.011356905986227543 -0.015093738764448038 -3.71231893873519 0.011374260995148535 0.9999347444211775 0.001064465203168647 -0.03884832233508753 0.015080664782550372 -0.0012359554095934169 0.9998855164287269 -0.12342604667764512
0.9967593209143614 -0.06350562624460952 -0.04937500993033863 -3.5900379580536597 0.06352802652135413 0.9979794296313826 -0.001117085011274275 -0.10133349787532883 0.04934618543153264 -0.0020232320431053186 0.9987796856742014 0.4749556288895054
0.994850832670645 -0.08097732123745974 -0.060946650274888846 -3.6436858610774427 0.08098277281854896 0.9967126484430837 -0.0023847306332379055 -0.11649074036239462 0.06093940630777137 -0.0025631774770909516 0.9981381762461935 0.6893102339028072
0.9874187021068389 -0.1288040365809135 -0.0917269147530235 -3.5776475533808463 0.12870758513730435 0.9916579462706184 -0.006991074771656795 -0.14587311468586373 0.09186220255235175 -0.004902831712595815 0.9957596587447338 1.2754641161303653
0.9804541516350153 -0.16220152317596298 -0.1113567349604863 -3.602719888340676 0.1621369535127219 0.9867206249360343 -0.009696217378718033 -0.1708967146539402 0.11145072833892068 -0.008548345175497185 0.9937331940453055 1.6815400032422758
0.9517842175784192 -0.2686580253293022 -0.14808669283496156 -3.329699944248272 0.27675571852256614 0.9602389634463518 0.0367070203712291 -0.8834152718228412 0.1323369768193849 -0.07592100174283573 0.9882929353489632 1.4396588966159154
0.9289607881643012 -0.3232215318009636 -0.18044305315915912 -3.2368144562386476 0.3348939292984907 0.9415044116000608 0.037623118645865074 -0.9989787946187303 0.15772732855208668 -0.09537968503754907 0.9828656090788608 1.9334085004961352
0.9023002666346001 -0.37599180422577777 -0.21091323331212294 -3.1530451407337816 0.39218687505412025 0.9190395709075011 0.03944264369233019 -1.1247452363688146 0.17900749667657342 -0.11830650980060514 0.9767087006228551 2.3730866569515214
0.8688649256270908 -0.4312515153138186 -0.24309642439691542 -3.0461397592618704 0.45339891533007187 0.8903632701149571 0.041020370643308955 -1.2598978603820892 0.1987540303806296 -0.14586081643037457 0.9691343857472607 2.794806664018102
0.8327072471746033 -0.4819067675221942 -0.2726985660380413 -2.947734541939715 0.5110068652501802 0.8584850697582097 0.04330552700782975 -1.398400914847533 0.21323842095194334 -0.17541166557145416 0.96112440579322 3.1381788994882296
0.7928760517429363 -0.5290720961167634 -0.3023744097689925 -2.840560241119784 0.5663320363295286 0.8229426479744433 0.045093489238035536 -1.5370349520227986 0.22497909058261784 -0.20699786292477912 0.9521219950957925 3.4367605964360095
0.7836058980413271 -0.5314342125109497 -0.3217755029950419 -2.812343106767606 0.5750894895671006 0.8164297716368364 0.05210093064883782 -1.6689219274585323 0.2350188833781175 -0.22587630632248712 0.9453814144025747 3.074807386114866
0.7742513991170294 -0.5340388161614338 -0.33961347705622164 -2.7948428116956205 0.5840615608563937 0.8096019207768805 0.05845359701830764 -1.7847374911581317 0.24373523359439758 -0.24361295677217154 0.9387469644144819 2.7976620463812516
0.7633186985078437 -0.5372098328122341 -0.35881772536782935 -2.739130267146881 0.5951125633949741 0.8008450627756656 0.06699419614640663 -1.928965173923182 0.2513674628860197 -0.26467485894525705 0.9310003317102276 2.4853274501455083
0.7512995804594462 -0.5412968696978602 -0.3775534919144016 -2.6799452554132435 0.6072526448534927 0.7910281666694372 0.0742877167102817 -2.058925078315305 0.2584437380164163 -0.2850826869364169 0.923003085525295 2.228229599742555
0.7415938729863372 -0.5419199329214324 -0.3954254845752291 -2.599180687011592 0.6164363776872006 0.7830204916171307 0.0829765145782225 -2.1999884793361844 0.26465963011575344 -0.30528952816973154 0.9147423594525922 1.9018434728123381
0.7315215324340526 -0.5428504751289244 -0.4125404334579055 -2.544500847057058 0.6255051758186737 0.7751022434825372 0.08921763935673152 -2.3058548134571364 0.2713291775857981 -0.3233108006247839 0.906559762834186 1.6897756281784027
0.7229909792656415 -0.5412896454424646 -0.429289603458178 -2.4692226150682295 0.6327129065697538 0.7683087308559273 0.0968301190260979 -2.423583771471763 0.27741380960680884 -0.341624375341288 0.8979612265638823 1.4197008238540256
0.7140012760248868 -0.5400806515184327 -0.4455502975986647 -2.3840485878059967 0.6406519573964968 0.7606745084453564 0.10459140349690604 -2.5417462310099683 0.28243096026971026 -0.3601210658332009 0.8891262962168472 1.1688848627821784
0.7038284571512641 -0.5397478990295548 -0.46184164861698307 -2.3184640973384028 0.6493413924304896 0.7524758867878953 0.1101625883828235 -2.6351156328845105 0.2880646784673613 -0.37742846381261713 0.880094594758736 0.9984287047664111
0.6938570067086834 -0.5385835148780481 -0.4780065394352605 -2.271891257866247 0.6569918484265537 0.7452294819298284 0.11399443128354891 -2.7053147074322377 0.2948290442651914 -0.3931422347754141 0.8709276766146927 0.8795390471833251
0.6864504516941967 -0.5352848794048413 -0.4921949565460598 -2.2504323771784946 0.661462876217243 0.7408193929156274 0.11684815131842485 -2.7555955820093034 0.30208052031742394 -0.4057791578687423 0.8626068828174794 0.7752422636523733
0.6789052250154168 -0.531156677173179 -0.5069124971246157 -2.2068001690705543 0.6659216957524086 0.7362396989399168 0.1204134578487688 -2.8139391717247038 0.30925069211402384 -0.4193133553790148 0.853545733647465 0.6552243063778977
0.6709042815412236 -0.5269877649979218 -0.521700431811351 -2.183294871290741 0.6701861165485019 0.7320292843970024 0.12240790812219068 -2.853409019279302 0.3173925238490861 -0.43176037605100814 0.8443014648080386 0.5882658419696352
0.6626398721569503 -0.5235461377297727 -0.5355444346607091 -2.1693102190028073 0.6748104232863953 0.7275488499143433 0.12370757297899088 -2.8864092493689686 0.32486811547435146 -0.4433645369857115 0.835397267706562 0.5453578070677256
0.6560063685973214 -0.5183226965406289 -0.548632141430491 -2.151878983128035 0.6776273787422928 0.7245842344284529 0.12569336814876927 -2.9213999994935462 0.3323804746651109 -0.4542238098873548 0.8265615225697429 0.4776516753736484
0.6488855615757175 -0.5137338952824477 -0.5612708907617503 -2.135769242182297 0.6810612834249168 0.7210607400171507 0.12738499686197027 -2.9547333113308216 0.33926841320431067 -0.46491815843634454 0.817770169276177 0.42472945828431463
0.6417716856533966 -0.5091918680694258 -0.5734568379447282 -2.0951083639803816 0.6851286288168588 0.7166542367088792 0.1304050113406106 -3.004555579049481 0.3445691011526265 -0.47658194101243717 0.8087903238984062 0.3403521344827958
0.6352278984222904 -0.5037671567724826 -0.5854094027459493 -2.050214134144661 0.6887537620785871 0.7124525873668286 0.13427421933083214 -3.058546742229828 0.3494335019550833 -0.4884976586552695 0.7995412842372347 0.25178505873851265
0.627568700462161 -0.4998355148770749 -0.5969271180536229 -1.9915824642063074 0.6941940419265357 0.7063657446533302 0.13835485872944753 -3.1197403899248686 0.35249419619893535 -0.501210427712668 0.7902758687940248 0.16631019200338137
0.6209342455534765 -0.4945465332286994 -0.6081647713986806 -1.9426573055026495 0.6978405556901416 0.7021296712759872 0.14153615632744923 -3.168643281332265 0.35701431558553637 -0.512286688471747 0.7810909852774145 0.08554674075482716
0.6123470542632442 -0.49080402839795423 -0.6197922965344661 -1.8886491307436364 0.7040318266249599 0.6951955031916589 0.14505998566530504 -3.224179940869297 0.3596807921397108 -0.525180557570857 0.7712425751443666 0.03473055759849686
0.6065869871263769 -0.4853455032835117 -0.6296760829914213 -1.7822939222722685 0.7085807186870241 0.6892026663426307 0.15137057115301147 -3.3086630861520026 0.3605074092913002 -0.5379957501213957 0.7619678344243881 -0.11703953203769935
0.602188942881646 -0.4799422971753976 -0.6379842227305373 -1.3508111198347308 0.720754562465527 0.6704977315665019 0.17591376480907306 -3.5954329551296054 0.3433385177288041 -0.565763363382764 0.7496869205859271 -0.6436620763304326
0.5925922726498245 -0.47756669070237157 -0.6486635910295117 -0.8095744063692116 0.7395013609080575 0.6417952693241464 0.2030678937899278 -3.9239880412148214 0.3193307620803969 -0.600024073021018 0.7334841349234631 -1.1764033578631787
0.589982553560697 -0.4687363876172623 -0.6574243571830289 -0.8129287520763828 0.7380523277897204 0.6432608498099491 0.20370135136016385 -3.9278800986016256 0.32741311509799687 -0.6053938206038294 0.7254646607771629 -1.1850053002006717
0.5846025793746108 -0.46207538161188294 -0.6668779242835865 -0.8839094327280881 0.739338021893764 0.6418905841724714 0.20336117459569292 -3.9175301409562167 0.3340944680337709 -0.6119336725977388 0.7168807897902381 -1.0730398996823913
0.5789950733915997 -0.4562539100765658 -0.6757196715562607 -0.8128879079438862 0.7417177754789425 0.6388830489700077 0.20416461808392655 -3.9427154038882737 0.33855493871279585 -0.6194035996655425 0.7083217730625985 -1.1397340088190662
0.5748416526458902 -0.4489000374302766 -0.6841387511159107 -0.8418337050881757 0.7417803827701589 0.6388296586155463 0.20410421605273416 -3.9396788408847017 0.3454257345952938 -0.6248083095384063 0.7002111383083397 -1.102538203904155
0.4121893687703925 -0.4886765727164632 -0.7689571714671477 0.410091197238899 0.8835748375321086 0.4202836809346382 0.2065360356454503 -4.341981914957554 0.2222508284636367 -0.7645631660092724 0.6050187884926422 -0.2101334101263932
0.6798342299005278 -0.19208588493311335 -0.7077629777439756 -3.0106918031779313 0.28199258105371644 0.9593591679069249 0.010496246166899481 -1.124959363315409 0.6769827206703429 -0.2067196162980082 0.7063719955882911 -1.1943109809336443
0.6937986256866685 -0.19275435109490635 -0.6938942477995272 -2.9172134344144824 0.29896371859751747 0.95365825339818 0.03400927355703269 -1.3857948678254437 0.655182540943846 -0.23104479189004512 0.7192733431615905 -1.5260452591810258
0.6807497505762188 -0.22212020973133872 -0.6980274991139832 -2.8064916349728297 0.35122054080929044 0.9352140399296659 0.04493140585451025 -1.6542141732198918 0.6428249441364617 -0.27574863906706637 0.7146599046040119 -1.5271325146449692
0.717756853361443 -0.20574383793759765 -0.6652026552888883 -1.8003457529064146 0.3446132970252189 0.9351021913465801 0.08261699130464704 -2.148079002572657 0.6050345237803281 -0.2885365919420471 0.7420780687666091 -3.075670753376638
0.9999999812835193 -0.00018309883254100174 6.25122277733231e-05 -0.9986060414168054 0.00018309481749137867 0.9999999811755315 6.422791057856754e-05 0.0004883148324642539 -6.252398665200712e-05 -6.421646371151196e-05 0.9999999959834984 -0.0012781022449690482
0.9999993377410955 -0.0006911806707672141 -0.0009202101123076766 -1.1152918705473251 0.0006912582884831733 0.9999997575502345 8.403243950446109e-05 -0.00275785570131043 0.0009201518076050477 -8.466848672050847e-05 0.9999995730758581 -0.013474191302137228
0.9999970120042335 -0.0011146255514544088 -0.002175682073509194 -1.2284453171853462 0.0011142666238989768 0.999999365397246 -0.00016617760441397066 -0.003477595981164483 0.0021758659186193172 0.00016375281795726556 0.9999976193934258 -0.03126755496349176
0.9999940791571886 -0.001406340206549866 -0.003140677918831865 -1.3446142943351904 0.001406164460735017 0.9999990096586584 -5.8165383863610904e-05 -0.007057397913418417 0.003140756608806638 5.3748729803439396e-05 0.9999950663673288 -0.04030672279235681
0.9999917128540776 -0.0013596748013247144 -0.0038373829106118206 -1.4631701719277412 0.0013588804600090372 0.9999990547553187 -0.000209600488067455 -0.006050200359082714 0.0038376642718480044 0.00020438420642282198 0.9999926152527491 -0.0441443023141872
0.9999932136613737 -0.001220978716592847 -0.0034758944419761672 -1.5911009375712475 0.0012204932898129187 0.9999992451479954 -0.00014177294813707867 -0.006573530328053523 0.0034760649199425445 0.00013752968017531465 0.9999939490108225 -0.04135936172765042
0.9999902061359297 -0.0014853667773785655 -0.004169090759074985 -1.7102732121160966 0.0014851462269445945 0.9999988956019173 -5.599669844383965e-05 -0.011994035228646838 0.004169169330374656 4.9804440609156914e-05 0.9999913077355285 -0.04720569053664292
0.9999779356103373 -0.0034351891274946745 -0.005685751326472438 -1.8049293554667858 0.003436911520130954 0.9999940508222119 0.00029318831169352694 -0.018365506462049624 0.005684710343626299 -0.0003127232669069262 0.9999837930049004 -0.07673988232523143
0.9999736816891611 -0.003810194129650118 -0.006174005970092102 -1.920757478962689 0.003810567280740084 0.9999927385774201 4.867679541301398e-05 -0.01856237588923615 0.00617377566998561 -7.220197946270857e-05 0.9999809394587733 -0.08245872652406838
0.9999745598340806 -0.003777880053283462 -0.0060503972547108435 -2.043501596730491 0.003778884913524244 0.9999928480292372 0.0001546582860405396 -0.01818123323184828 0.006049769701992667 -0.00017751810641473723 0.9999816842192034 -0.08277475866486306
0.9999720089037435 -0.0028363854870561817 -0.006923606457639297 -2.151528445300118 0.0028344501753429486 0.9999959410848076 -0.0002893200884591702 -0.011190689933367637 0.006924398978607879 0.0002696873725348639 0.9999759896955057 -0.06929504759045102
0.9998206712305926 -0.014930152577641092 -0.011649717765488761 -2.225432763384469 0.014938390674048374 0.9998882235167011 0.0006204487770883208 -0.04934984779690631 0.011639152206096971 -0.0007943655479959182 0.999931947244061 -0.12879061507067924
0.9998048549120363 -0.015217978066201775 -0.01259623903784598 -2.337999655984588 0.015227886933396504 0.9998838101628056 0.0006911105947888879 -0.05359155457755947 0.012584258177010093 -0.000882789831805429 0.9999204253980649 -0.13869072840175534
0.9997984312460162 -0.015440759899288899 -0.012832763215208305 -2.4564509416317954 0.015451089618020487 0.9998803754083222 0.0007061890175762857 -0.05451272366052627 0.012820324006084677 -0.000904326846420956 0.9999174073318925 -0.13681050127364003
0.9997887596117273 -0.015608101640056922 -0.013372483585233939 -2.57205289931208 0.015620610156340324 0.999877645129991 0.0008314491250117559 -0.05765387859817145 0.01335787005429145 -0.001040159842282759 0.9999102386590084 -0.143145571919149
0.9997877255008689 -0.015400287983841883 -0.013687040140729325 -2.688817144251509 0.015414078592448322 0.9998807886045721 0.0009026409280004123 -0.057965960530359295 0.013671507559337662 -0.0011134224327767226 0.9999059206603095 -0.143147082478853
0.9997743297162904 -0.01591481508076896 -0.014071542249775592 -2.806878006206182 0.015928141625985194 0.9998727900435446 0.0008354848176031637 -0.05898282762694401 0.014056455623123791 -0.0010594297913578 0.9999006418958998 -0.14409041218081953
0.9997830839341111 -0.015189271925381746 -0.014250301666109152 -2.9275852733644 0.015201567329707186 0.9998841645377051 0.0007548890355013645 -0.05631113685473167 0.014237184760994096 -0.0009713522081875975 0.9998981743382518 -0.14350179230373072
0.9998407071376275 -0.010798033263820108 -0.01421136264270227 -3.0742551666687046 0.010800256311273624 0.9999416723557017 7.968747143690808e-05 -0.030248372747222863 0.014209673259429767 -0.0002331611368651311 0.9998990103114137 -0.07539264987127225
0.9997802041474707 -0.015257133080828144 -0.014379265801693512 -3.2209881081989287 0.015274078311075226 0.9998827726298544 0.0010693595196159685 -0.05219240672602736 0.014361264797676923 -0.0012887545107395267 0.9998960411888939 -0.04549587604240912
0.99989872408415 0.0023638591446029046 -0.014034020978793235 -3.3700488542634046 -0.0024070191744925123 0.9999924234671868 -0.0030592918978456143 0.05517190984180444 0.014026682914444057 0.0030927622228479933 0.9998968381729441 0.10033184566339592
0.9996874091125467 0.02155802924322518 -0.01266236300980133 -3.5335193250900123 -0.021644497646977488 0.9997430657389079 -0.0067318815036804145 0.16105442699457231 0.012513983516599457 0.007003847665237767 0.9998971678799917 0.21967388402744703
0.9998294726774308 -0.012083532392948388 -0.013964734529493402 -3.5982651725979293 0.012102311082848009 0.999925969238043 0.001260995564703002 -0.04456221245847061 0.013948463428802205 -0.0014297860919709 0.9999016932077406 -0.12870728517612307
0.9998215839521222 -0.011356905986227543 -0.015093738764448038 -3.71231893873519 0.011374260995148535 0.9999347444211775 0.001064465203168647 -0.03884832233508753 0.015080664782550372 -0.0012359554095934169 0.9998855164287269 -0.12342604667764512
0.9967593209143614 -0.06350562624460952 -0.04937500993033863 -3.5900379580536597 0.06352802652135413 0.9979794296313826 -0.001117085011274275 -0.10133349787532883 0.04934618543153264 -0.0020232320431053186 0.9987796856742014 0.4749556288895054
0.994850832670645 -0.08097732123745974 -0.060946650274888846 -3.6436858610774427 0.08098277281854896 0.9967126484430837 -0.0023847306332379055 -0.11649074036239462 0.06093940630777137 -0.0025631774770909516 0.9981381762461935 0.6893102339028072
0.9874187021068389 -0.1288040365809135 -0.0917269147530235 -3.5776475533808463 0.12870758513730435 0.9916579462706184 -0.006991074771656795 -0.14587311468586373 0.09186220255235175 -0.004902831712595815 0.9957596587447338 1.2754641161303653
0.9804541516350153 -0.16220152317596298 -0.1113567349604863 -3.602719888340676 0.1621369535127219 0.9867206249360343 -0.009696217378718033 -0.1708967146539402 0.11145072833892068 -0.008548345175497185 0.9937331940453055 1.6815400032422758
0.9517842175784192 -0.2686580253293022 -0.14808669283496156 -3.329699944248272 0.27675571852256614 0.9602389634463518 0.0367070203712291 -0.8834152718228412 0.1323369768193849 -0.07592100174283573 0.9882929353489632 1.4396588966159154
0.9289607881643012 -0.3232215318009636 -0.18044305315915912 -3.2368144562386476 0.3348939292984907 0.9415044116000608 0.037623118645865074 -0.9989787946187303 0.15772732855208668 -0.09537968503754907 0.9828656090788608 1.9334085004961352
0.9023002666346001 -0.37599180422577777 -0.21091323331212294 -3.1530451407337816 0.39218687505412025 0.9190395709075011 0.03944264369233019 -1.1247452363688146 0.17900749667657342 -0.11830650980060514 0.9767087006228551 2.3730866569515214
0.8688649256270908 -0.4312515153138186 -0.24309642439691542 -3.0461397592618704 0.45339891533007187 0.8903632701149571 0.041020370643308955 -1.2598978603820892 0.1987540303806296 -0.14586081643037457 0.9691343857472607 2.794806664018102
0.8327072471746033 -0.4819067675221942 -0.2726985660380413 -2.947734541939715 0.5110068652501802 0.8584850697582097 0.04330552700782975 -1.398400914847533 0.21323842095194334 -0.17541166557145416 0.96112440579322 3.1381788994882296
0.7928760517429363 -0.5290720961167634 -0.3023744097689925 -2.840560241119784 0.5663320363295286 0.8229426479744433 0.045093489238035536 -1.5370349520227986 0.22497909058261784 -0.20699786292477912 0.9521219950957925 3.4367605964360095
0.7836058980413271 -0.5314342125109497 -0.3217755029950419 -2.812343106767606 0.5750894895671006 0.8164297716368364 0.05210093064883782 -1.6689219274585323 0.2350188833781175 -0.22587630632248712 0.9453814144025747 3.074807386114866
0.7742513991170294 -0.5340388161614338 -0.33961347705622164 -2.7948428116956205 0.5840615608563937 0.8096019207768805 0.05845359701830764 -1.7847374911581317 0.24373523359439758 -0.24361295677217154 0.9387469644144819 2.7976620463812516
0.7633186985078437 -0.5372098328122341 -0.35881772536782935 -2.739130267146881 0.5951125633949741 0.8008450627756656 0.06699419614640663 -1.928965173923182 0.2513674628860197 -0.26467485894525705 0.9310003317102276 2.4853274501455083
0.7512995804594462 -0.5412968696978602 -0.3775534919144016 -2.6799452554132435 0.6072526448534927 0.7910281666694372 0.0742877167102817 -2.058925078315305 0.2584437380164163 -0.2850826869364169 0.923003085525295 2.228229599742555
0.7415938729863372 -0.5419199329214324 -0.3954254845752291 -2.599180687011592 0.6164363776872006 0.7830204916171307 0.0829765145782225 -2.1999884793361844 0.26465963011575344 -0.30528952816973154 0.9147423594525922 1.9018434728123381
0.7315215324340526 -0.5428504751289244 -0.4125404334579055 -2.544500847057058 0.6255051758186737 0.7751022434825372 0.08921763935673152 -2.3058548134571364 0.2713291775857981 -0.3233108006247839 0.906559762834186 1.6897756281784027
0.7229909792656415 -0.5412896454424646 -0.429289603458178 -2.4692226150682295 0.6327129065697538 0.7683087308559273 0.0968301190260979 -2.423583771471763 0.27741380960680884 -0.341624375341288 0.8979612265638823 1.4197008238540256
0.7140012760248868 -0.5400806515184327 -0.4455502975986647 -2.3840485878059967 0.6406519573964968 0.7606745084453564 0.10459140349690604 -2.5417462310099683 0.28243096026971026 -0.3601210658332009 0.8891262962168472 1.1688848627821784
0.7038284571512641 -0.5397478990295548 -0.46184164861698307 -2.3184640973384028 0.6493413924304896 0.7524758867878953 0.1101625883828235 -2.6351156328845105 0.2880646784673613 -0.37742846381261713 0.880094594758736 0.9984287047664111
0.6938570067086834 -0.5385835148780481 -0.4780065394352605 -2.271891257866247 0.6569918484265537 0.7452294819298284 0.11399443128354891 -2.7053147074322377 0.2948290442651914 -0.3931422347754141 0.8709276766146927 0.8795390471833251
0.6864504516941967 -0.5352848794048413 -0.4921949565460598 -2.2504323771784946 0.661462876217243 0.7408193929156274 0.11684815131842485 -2.7555955820093034 0.30208052031742394 -0.4057791578687423 0.8626068828174794 0.7752422636523733
0.6789052250154168 -0.531156677173179 -0.5069124971246157 -2.2068001690705543 0.6659216957524086 0.7362396989399168 0.1204134578487688 -2.8139391717247038 0.30925069211402384 -0.4193133553790148 0.853545733647465 0.6552243063778977
0.6709042815412236 -0.5269877649979218 -0.521700431811351 -2.183294871290741 0.6701861165485019 0.7320292843970024 0.12240790812219068 -2.853409019279302 0.3173925238490861 -0.43176037605100814 0.8443014648080386 0.5882658419696352
0.6626398721569503 -0.5235461377297727 -0.5355444346607091 -2.1693102190028073 0.6748104232863953 0.7275488499143433 0.12370757297899088 -2.8864092493689686 0.32486811547435146 -0.4433645369857115 0.835397267706562 0.5453578070677256
0.6560063685973214 -0.5183226965406289 -0.548632141430491 -2.151878983128035 0.6776273787422928 0.7245842344284529 0.12569336814876927 -2.9213999994935462 0.3323804746651109 -0.4542238098873548 0.8265615225697429 0.4776516753736484
0.6488855615757175 -0.5137338952824477 -0.5612708907617503 -2.135769242182297 0.6810612834249168 0.7210607400171507 0.12738499686197027 -2.9547333113308216 0.33926841320431067 -0.46491815843634454 0.817770169276177 0.42472945828431463
0.6417716856533966 -0.5091918680694258 -0.5734568379447282 -2.0951083639803816 0.6851286288168588 0.7166542367088792 0.1304050113406106 -3.004555579049481 0.3445691011526265 -0.47658194101243717 0.8087903238984062 0.3403521344827958
0.6352278984222904 -0.5037671567724826 -0.5854094027459493 -2.050214134144661 0.6887537620785871 0.7124525873668286 0.13427421933083214 -3.058546742229828 0.3494335019550833 -0.4884976586552695 0.7995412842372347 0.25178505873851265
0.627568700462161 -0.4998355148770749 -0.5969271180536229 -1.9915824642063074 0.6941940419265357 0.7063657446533302 0.13835485872944753 -3.1197403899248686 0.35249419619893535 -0.501210427712668 0.7902758687940248 0.16631019200338137
0.6209342455534765 -0.4945465332286994 -0.6081647713986806 -1.9426573055026495 0.6978405556901416 0.7021296712759872 0.14153615632744923 -3.168643281332265 0.35701431558553637 -0.512286688471747 0.7810909852774145 0.08554674075482716
0.6123470542632442 -0.49080402839795423 -0.6197922965344661 -1.8886491307436364 0.7040318266249599 0.6951955031916589 0.14505998566530504 -3.224179940869297 0.3596807921397108 -0.525180557570857 0.7712425751443666 0.03473055759849686
0.6065869871263769 -0.4853455032835117 -0.6296760829914213 -1.7822939222722685 0.7085807186870241 0.6892026663426307 0.15137057115301147 -3.3086630861520026 0.3605074092913002 -0.5379957501213957 0.7619678344243881 -0.11703953203769935
0.602188942881646 -0.4799422971753976 -0.6379842227305373 -1.3508111198347308 0.720754562465527 0.6704977315665019 0.17591376480907306 -3.5954329551296054 0.3433385177288041 -0.565763363382764 0.7496869205859271 -0.6436620763304326
0.5925922726498245 -0.47756669070237157 -0.6486635910295117 -0.8095744063692116 0.7395013609080575 0.6417952693241464 0.2030678937899278 -3.9239880412148214 0.3193307620803969 -0.600024073021018 0.7334841349234631 -1.1764033578631787
0.589982553560697 -0.4687363876172623 -0.6574243571830289 -0.8129287520763828 0.7380523277897204 0.6432608498099491 0.20370135136016385 -3.9278800986016256 0.32741311509799687 -0.6053938206038294 0.7254646607771629 -1.1850053002006717
0.5846025793746108 -0.46207538161188294 -0.6668779242835865 -0.8839094327280881 0.739338021893764 0.6418905841724714 0.20336117459569292 -3.9175301409562167 0.3340944680337709 -0.6119336725977388 0.7168807897902381 -1.0730398996823913
0.5789950733915997 -0.4562539100765658 -0.6757196715562607 -0.8128879079438862 0.7417177754789425 0.6388830489700077 0.20416461808392655 -3.9427154038882737 0.33855493871279585 -0.6194035996655425 0.7083217730625985 -1.1397340088190662
0.5748416526458902 -0.4489000374302766 -0.6841387511159107 -0.8418337050881757 0.7417803827701589 0.6388296586155463 0.20410421605273416 -3.9396788408847017 0.3454257345952938 -0.6248083095384063 0.7002111383083397 -1.102538203904155
0.4121893687703925 -0.4886765727164632 -0.7689571714671477 0.410091197238899 0.8835748375321086 0.4202836809346382 0.2065360356454503 -4.341981914957554 0.2222508284636367 -0.7645631660092724 0.6050187884926422 -0.2101334101263932
0.6798342299005278 -0.19208588493311335 -0.7077629777439756 -3.0106918031779313 0.28199258105371644 0.9593591679069249 0.010496246166899481 -1.124959363315409 0.6769827206703429 -0.2067196162980082 0.7063719955882911 -1.1943109809336443
0.6937986256866685 -0.19275435109490635 -0.6938942477995272 -2.9172134344144824 0.29896371859751747 0.95365825339818 0.03400927355703269 -1.3857948678254437 0.655182540943846 -0.23104479189004512 0.7192733431615905 -1.5260452591810258
0.6807497505762188 -0.22212020973133872 -0.6980274991139832 -2.8064916349728297 0.35122054080929044 0.9352140399296659 0.04493140585451025 -1.6542141732198918 0.6428249441364617 -0.27574863906706637 0.7146599046040119 -1.5271325146449692
0.717756853361443 -0.20574383793759765 -0.6652026552888883 -1.8003457529064146 0.3446132970252189 0.9351021913465801 0.08261699130464704 -2.148079002572657 0.6050345237803281 -0.2885365919420471 0.7420780687666091 -3.075670753376638
0.9999999812835193 -0.00018309883254100174 6.25122277733231e-05 -0.9986060414168054 0.00018309481749137867 0.9999999811755315 6.422791057856754e-05 0.0004883148324642539 -6.252398665200712e-05 -6.421646371151196e-05 0.9999999959834984 -0.0012781022449690482
0.9999993377410955 -0.0006911806707672141 -0.0009202101123076766 -1.1152918705473251 0.0006912582884831733 0.9999997575502345 8.403243950446109e-05 -0.00275785570131043 0.0009201518076050477 -8.466848672050847e-05 0.9999995730758581 -0.013474191302137228
0.9999970120042335 -0.0011146255514544088 -0.002175682073509194 -1.2284453171853462 0.0011142666238989768 0.999999365397246 -0.00016617760441397066 -0.003477595981164483 0.0021758659186193172 0.00016375281795726556 0.9999976193934258 -0.03126755496349176
0.9999940791571886 -0.001406340206549866 -0.003140677918831865 -1.3446142943351904 0.001406164460735017 0.9999990096586584 -5.8165383863610904e-05 -0.007057397913418417 0.003140756608806638 5.3748729803439396e-05 0.9999950663673288 -0.04030672279235681
0.9999917128540776 -0.0013596748013247144 -0.0038373829106118206 -1.4631701719277412 0.0013588804600090372 0.9999990547553187 -0.000209600488067455 -0.006050200359082714 0.0038376642718480044 0.00020438420642282198 0.9999926152527491 -0.0441443023141872
0.9999932136613737 -0.001220978716592847 -0.0034758944419761672 -1.5911009375712475 0.0012204932898129187 0.9999992451479954 -0.00014177294813707867 -0.006573530328053523 0.0034760649199425445 0.00013752968017531465 0.9999939490108225 -0.04135936172765042
0.9999902061359297 -0.0014853667773785655 -0.004169090759074985 -1.7102732121160966 0.0014851462269445945 0.9999988956019173 -5.599669844383965e-05 -0.011994035228646838 0.004169169330374656 4.9804440609156914e-05 0.9999913077355285 -0.04720569053664292
0.9999779356103373 -0.0034351891274946745 -0.005685751326472438 -1.8049293554667858 0.003436911520130954 0.9999940508222119 0.00029318831169352694 -0.018365506462049624 0.005684710343626299 -0.0003127232669069262 0.9999837930049004 -0.07673988232523143
0.9999736816891611 -0.003810194129650118 -0.006174005970092102 -1.920757478962689 0.003810567280740084 0.9999927385774201 4.867679541301398e-05 -0.01856237588923615 0.00617377566998561 -7.220197946270857e-05 0.9999809394587733 -0.08245872652406838
0.9999745598340806 -0.003777880053283462 -0.0060503972547108435 -2.043501596730491 0.003778884913524244 0.9999928480292372 0.0001546582860405396 -0.01818123323184828 0.006049769701992667 -0.00017751810641473723 0.9999816842192034 -0.08277475866486306
0.9999720089037435 -0.0028363854870561817 -0.006923606457639297 -2.151528445300118 0.0028344501753429486 0.9999959410848076 -0.0002893200884591702 -0.011190689933367637 0.006924398978607879 0.0002696873725348639 0.9999759896955057 -0.06929504759045102
0.9998206712305926 -0.014930152577641092 -0.011649717765488761 -2.225432763384469 0.014938390674048374 0.9998882235167011 0.0006204487770883208 -0.04934984779690631 0.011639152206096971 -0.0007943655479959182 0.999931947244061 -0.12879061507067924
0.9998048549120363 -0.015217978066201775 -0.01259623903784598 -2.337999655984588 0.015227886933396504 0.9998838101628056 0.0006911105947888879 -0.05359155457755947 0.012584258177010093 -0.000882789831805429 0.9999204253980649 -0.13869072840175534
0.9997984312460162 -0.015440759899288899 -0.012832763215208305 -2.4564509416317954 0.015451089618020487 0.9998803754083222 0.0007061890175762857 -0.05451272366052627 0.012820324006084677 -0.000904326846420956 0.9999174073318925 -0.13681050127364003
0.9997887596117273 -0.015608101640056922 -0.013372483585233939 -2.57205289931208 0.015620610156340324 0.999877645129991 0.0008314491250117559 -0.05765387859817145 0.01335787005429145 -0.001040159842282759 0.9999102386590084 -0.143145571919149
0.9997877255008689 -0.015400287983841883 -0.013687040140729325 -2.688817144251509 0.015414078592448322 0.9998807886045721 0.0009026409280004123 -0.057965960530359295 0.013671507559337662 -0.0011134224327767226 0.9999059206603095 -0.143147082478853
0.9997743297162904 -0.01591481508076896 -0.014071542249775592 -2.806878006206182 0.015928141625985194 0.9998727900435446 0.0008354848176031637 -0.05898282762694401 0.014056455623123791 -0.0010594297913578 0.9999006418958998 -0.14409041218081953
0.9997830839341111 -0.015189271925381746 -0.014250301666109152 -2.9275852733644 0.015201567329707186 0.9998841645377051 0.0007548890355013645 -0.05631113685473167 0.014237184760994096 -0.0009713522081875975 0.9998981743382518 -0.14350179230373072
0.9998407071376275 -0.010798033263820108 -0.01421136264270227 -3.0742551666687046 0.010800256311273624 0.9999416723557017 7.968747143690808e-05 -0.030248372747222863 0.014209673259429767 -0.0002331611368651311 0.9998990103114137 -0.07539264987127225
0.9997802041474707 -0.015257133080828144 -0.014379265801693512 -3.2209881081989287 0.015274078311075226 0.9998827726298544 0.0010693595196159685 -0.05219240672602736 0.014361264797676923 -0.0012887545107395267 0.9998960411888939 -0.04549587604240912
0.99989872408415 0.0023638591446029046 -0.014034020978793235 -3.3700488542634046 -0.0024070191744925123 0.9999924234671868 -0.0030592918978456143 0.05517190984180444 0.014026682914444057 0.0030927622228479933 0.9998968381729441 0.10033184566339592
0.9996874091125467 0.02155802924322518 -0.01266236300980133 -3.5335193250900123 -0.021644497646977488 0.9997430657389079 -0.0067318815036804145 0.16105442699457231 0.012513983516599457 0.007003847665237767 0.9998971678799917 0.21967388402744703
0.9998294726774308 -0.012083532392948388 -0.013964734529493402 -3.5982651725979293 0.012102311082848009 0.999925969238043 0.001260995564703002 -0.04456221245847061 0.013948463428802205 -0.0014297860919709 0.9999016932077406 -0.12870728517612307
0.9998215839521222 -0.011356905986227543 -0.015093738764448038 -3.71231893873519 0.011374260995148535 0.9999347444211775 0.001064465203168647 -0.03884832233508753 0.015080664782550372 -0.0012359554095934169 0.9998855164287269 -0.12342604667764512
0.9967593209143614 -0.06350562624460952 -0.04937500993033863 -3.5900379580536597 0.06352802652135413 0.9979794296313826 -0.001117085011274275 -0.10133349787532883 0.04934618543153264 -0.0020232320431053186 0.9987796856742014 0.4749556288895054
0.994850832670645 -0.08097732123745974 -0.060946650274888846 -3.6436858610774427 0.08098277281854896 0.9967126484430837 -0.0023847306332379055 -0.11649074036239462 0.06093940630777137 -0.0025631774770909516 0.9981381762461935 0.6893102339028072
0.9874187021068389 -0.1288040365809135 -0.0917269147530235 -3.5776475533808463 0.12870758513730435 0.9916579462706184 -0.006991074771656795 -0.14587311468586373 0.09186220255235175 -0.004902831712595815 0.9957596587447338 1.2754641161303653
0.9804541516350153 -0.16220152317596298 -0.1113567349604863 -3.602719888340676 0.1621369535127219 0.9867206249360343 -0.009696217378718033 -0.1708967146539402 0.11145072833892068 -0.008548345175497185 0.9937331940453055 1.6815400032422758
0.9517842175784192 -0.2686580253293022 -0.14808669283496156 -3.329699944248272 0.27675571852256614 0.9602389634463518 0.0367070203712291 -0.8834152718228412 0.1323369768193849 -0.07592100174283573 0.9882929353489632 1.4396588966159154
0.9289607881643012 -0.3232215318009636 -0.18044305315915912 -3.2368144562386476 0.3348939292984907 0.9415044116000608 0.037623118645865074 -0.9989787946187303 0.15772732855208668 -0.09537968503754907 0.9828656090788608 1.9334085004961352
0.9023002666346001 -0.37599180422577777 -0.21091323331212294 -3.1530451407337816 0.39218687505412025 0.9190395709075011 0.03944264369233019 -1.1247452363688146 0.17900749667657342 -0.11830650980060514 0.9767087006228551 2.3730866569515214
