0.9998154327214819 -0.0015853658507551582 0.019146464610345932 -0.9836911430734032 0.0015758764730546375 0.9999986278996001 0.0005106978155137603 -0.016038183797968897 -0.019147247982350953 -0.00048043109428618836 0.9998165592150722 -0.09865902397326565
0.9999168191339223 -0.004138175807755331 0.01221598600535294 -1.021121550798465 0.004133334243490904 0.9999913688841313 0.00042155103234810677 -0.04666871660446162 -0.012217625020046073 -0.0003710232140942091 0.9999252931997691 -0.3105797845207672
0.9999076285370553 -0.0036302888376193165 0.013097915725707048 -1.1272715994581683 0.003612615210011852 0.9999925322506109 0.0013727542953212272 -0.04954832781021554 -0.013102801408349986 -0.0013253097624285621 0.9999132763141446 -0.34990388048986176
0.9999351577240629 -0.0043303299243296935 0.010532264243732156 -1.1966330461736998 0.004309658249635138 0.999988744031711 0.0019846046589746553 -0.0671489494778679 -0.01054073968584254 -0.0019390855132063948 0.9999425647277186 -0.4561851225173097
0.9999465901660899 -0.005263951605777006 0.00889424694405487 -1.2847089956646216 0.005240634338384552 0.9999827752989435 0.0026428880328060443 -0.09078322232394603 -0.008908005778014316 -0.002596135380646083 0.9999569528305428 -0.5602325405243089
0.9999642172345659 -0.00410472349431886 0.007396992327780798 -1.3800600138461476 0.00407203022219669 0.9999818990633775 0.004429459952469492 -0.0861709436449638 -0.0074150401436255215 -0.004399180677830933 0.9999628315037675 -0.6474264028779277
0.9995499654031325 0.001260876107803205 0.029971267141004027 -1.6731552776795189 -0.0014527639648607244 0.9999785828601517 0.006381480852056326 -0.03861556178705086 -0.029962578985445475 -0.006422150141777318 0.9995303896571116 -0.17742375364766616
0.9995553266637732 0.001568244321526976 0.02977733278562191 -1.7686172716939685 -0.0018025342955606655 0.9999676197467399 0.007842852042003216 -0.04988793685055229 -0.02976406907986545 -0.007893039198396573 0.9995257876233217 -0.23522658289006593
0.9996395502960002 0.0014370034267746224 0.026808664740376607 -1.8583607325158336 -0.0016758759086065742 0.9999590794341577 0.008889932346803901 -0.07094482366031055 -0.026794792851399806 -0.008931655968701224 0.9996010527193873 -0.3417829334882807
0.9997117671026334 0.0016047978214032536 0.023954276037534923 -1.9374276322362536 -0.00185526379387947 0.9999438073060823 0.010437443483515687 -0.09002321766091584 -0.02393617999567016 -0.010478876569980367 0.9996585679285933 -0.45961077035648223
0.9995299860347032 0.0013618607807218777 0.030626007782274742 -2.0877736680423937 -0.0016017082388166512 0.999968231772091 0.00780832743392253 -0.07209534873965345 -0.030614400993384278 -0.00785371133996991 0.9995004140419376 -0.3588026938929616
0.9995618885802442 0.0020251957738962804 0.029528452041596823 -2.1787345901964468 -0.002276805451481767 0.9999613690474887 0.008489792082742737 -0.08426326876633605 -0.029510117838321043 -0.008553303148462062 0.9995278855291727 -0.40725863416271046
0.9995768853415589 0.0015623745221077278 0.029044952689248803 -2.263712195807423 -0.0017967343415337426 0.9999660281534558 0.00804451892334413 -0.08345264625858645 -0.029031397427164714 -0.008093301233412554 0.9995457350409591 -0.45871288718331904
0.9992565849140191 0.0010588292842443415 0.038537726794901674 -2.443956813526417 -0.0013795517520954767 0.9999646305261725 0.008296657978894915 -0.05382834680337467 -0.03852757899135301 -0.008343654906711864 0.9992227024441862 -0.32826744328695767
0.9993454238450874 0.0007744760658389439 0.03616799727253497 -2.5104978039117523 -0.0011151101553881285 0.9999552077396617 0.009398885235569131 -0.06771696167743357 -0.03615909801452471 -0.009433064250469822 0.9993015245308208 -0.4141425012853759
0.9993388869825447 0.0009714209026738831 0.036343435527183554 -2.6081124394257365 -0.0013447227238103452 0.9999465788385431 0.010248472563722758 -0.07292499636758482 -0.03633153843817748 -0.010290569008716586 0.9992868074302753 -0.44713525111083463
0.9993283852597847 0.0008472793698009405 0.03663414434295835 -2.7053588604683174 -0.0012498572002444647 0.9999390725316843 0.010967637915879548 -0.07889985626406093 -0.03662261966394806 -0.01100605933767174 0.9992685576894759 -0.4774175333908026
0.9993281058920434 0.0008793369846259527 0.03664100900205209 -2.799648592589904 -0.0013116621311653578 0.9999297934495962 0.01177657481195488 -0.08341378090180923 -0.03662808098542237 -0.011816722824682498 0.9992590999060303 -0.5067440392848148
0.9993372609024346 0.001090105095076381 0.0363847583872856 -2.8897166746372074 -0.0015685914021982483 0.9999126360095034 0.013124780742520081 -0.092072682531186 -0.03636727227924045 -0.013173155256352395 0.9992516647409498 -0.5449580295110437
0.9992037797429475 0.0010806568257476705 0.039882812441353464 -3.026908709599881 -0.0015164689844289828 0.9999394576796825 0.010898683272840548 -0.08559034990422565 -0.03986862010687702 -0.010950486568522624 0.999144924410211 -0.4868198392406029
0.9999853737067185 -0.0009886652611962247 -0.005317416067592782 -2.5795223991713643 0.0010495313284089585 0.9999338274713785 0.011455966237298172 -0.19734519727722125 0.005305738084873604 -0.011461379473725285 0.9999202397811208 -1.3192699260680847
0.9994761064564528 -0.0015415129175694636 -0.032328568798734504 -2.3394246238867926 0.00203752171822884 0.9998806362033227 0.015315412200994447 -0.2774714474044474 0.03230110103227581 -0.015373258716472257 0.9993599460597463 -1.8066743612326341
0.9983100597802501 -0.0012648198431166693 -0.05809840593611842 -2.109402757606284 0.002515216775863481 0.999766673197929 0.02145397043243483 -0.36406590057909527 0.05805771461333934 -0.021563844590189184 0.9980803085826141 -2.2547700064650904
0.9991547125465186 0.0359280956513385 0.019975793825331288 -3.1120535996169782 -0.03717895937659258 0.9971106577147759 0.06624244297488377 -0.5287961217280674 -0.017538112092170877 -0.06692912829609632 0.9976035817947764 -0.9697133579837214
0.9990988692577817 0.037763370707120054 0.01937465562684291 -3.188106244349239 -0.0390255190615691 0.9968158445055438 0.06953546580468573 -0.5540654042634088 -0.01668707013820088 -0.07022891125125136 0.9973913182470894 -1.0018030318519848
0.9989423098559188 0.04166894067682171 0.019441218135521132 -3.2701548247340524 -0.043029956821040355 0.9961920666310713 0.07582736443589914 -0.5969700011621963 -0.016207541321891034 -0.07658371735680354 0.9969314168186859 -1.0258009196704574
0.9989108727396822 0.04333537910296056 0.017294890587951833 -3.323868671722074 -0.04456645207916423 0.9959072008365957 0.07863001126091855 -0.6207948353150953 -0.013816644727360333 -0.07931514508477754 0.9967538352515423 -1.08525563770986
0.9987938264125658 0.04588083692735046 0.017488313897893466 -3.4064492091980325 -0.04717641781309317 0.9954522430887869 0.08275999837981658 -0.6495115147616883 -0.013611683307726701 -0.0834852114589683 0.9964160484181201 -1.1050193784128588
0.9984432125627642 0.04693830807912328 0.030132150968959433 -3.6619438838854745 -0.04931276988045618 0.9952776531206977 0.08361007071682951 -0.6360334409361644 -0.026065341242040675 -0.0849658074358466 0.9960428753586417 -0.8811091883076152
0.9887239101423961 -0.11812300572385337 -0.0920433866798338 -2.198914208000307 0.10204585016994294 0.9813049325103629 -0.16317865636757092 0.4870775359515026 0.10959778271399684 0.15194599352926272 0.9822936124573858 -2.6863837326123274
0.9962709580404949 -0.010858484946930536 -0.08559364152629356 -2.3680659072562404 0.01193017811189951 0.9998565952474706 0.012019142663020885 -0.32293947042092197 0.08545085731163096 -0.012995470164367962 0.9962576317097472 -2.6050290966147642
0.995857630329836 -0.01031170005531068 -0.09033963114720439 -2.372577817790014 0.011581416700060701 0.999841229901625 0.013542000444001301 -0.3399682699715407 0.09018564686835256 -0.01453216538493428 0.9958189420111278 -2.6782846262179953
0.9952785604431039 -0.010244292063656683 -0.09651757146974481 -2.359271792487129 0.01168398280080735 0.9998285797378504 0.01436299708637494 -0.35317889514298273 0.09635388766527915 -0.01542289270880394 0.9952276436636391 -2.762977954359518
0.9944058933206397 -0.011625255842667735 -0.10498463104556387 -2.3112189497887883 0.013145738173578083 0.9998183230755104 0.013802550863729886 -0.3612277707118243 0.10480509957560456 -0.015105438393725561 0.9943780552857555 -2.886780653371396
0.9944421183716422 -0.00437508688286606 -0.10519378224632964 -2.372950692354914 0.006890662965028249 0.9996986252899225 0.02356220187803944 -0.42539933024257903 0.10505899282033515 -0.02415610084857386 0.9941725659156816 -2.881457623068002
0.9932154995169481 -0.010983924943993036 -0.11576841068324262 -2.2918697459142283 0.012926311921396417 0.9997877788700495 0.01604081301567264 -0.39065551604331283 0.11556765109411007 -0.017428442699155184 0.9931466998413035 -3.0364258140450806
0.9931321262683482 -0.005689640698747558 -0.11685977820631381 -2.3412931068856446 0.008456500437002561 0.9996952026273859 0.023194599460840494 -0.43842142829105 0.11669219071586871 -0.024023526645956916 0.9928775366546583 -3.041119030630389
0.992046968327703 -0.005771819791525946 -0.12573582913437048 -2.2812821771773057 0.00884704846786108 0.999674891783507 0.0239131861331984 -0.45391552447708244 0.1255569287822093 -0.024835394780994016 0.9917755092765961 -3.15872399732606
0.9907808058435225 -0.012415393931343187 -0.13490460616891387 -2.214910510283756 0.014716780460457886 0.9997624691598046 0.01607549788869313 -0.4141206830683721 0.13467297852553373 -0.017912656224587663 0.9907281794730787 -3.2864388664586173
0.9897960904788912 -0.011305590591726731 -0.1420418350137555 -2.1767353984798317 0.014043021810022559 0.9997342027352557 0.01828434903806677 -0.43682323935619777 0.14179736531806897 -0.02009247378186376 0.9896917700406421 -3.3729651797042495
0.98899161517829 -0.012420822928584367 -0.14744934135089838 -2.15719993227328 0.015125088645591193 0.99973708916859 0.017233230520640436 -0.436707272430361 0.1471965244171886 -0.019273704846014365 0.9889194646183321 -3.4426135123321115
0.9880397114777005 -0.011693510233034539 -0.15375561895908788 -2.1089834295994963 0.01466471915984194 0.9997267377990665 0.018204278112560493 -0.44459897770036505 0.153500731447851 -0.02024133266527678 0.9879411996150926 -3.4964826388419734
0.9872085035826872 -0.010193153462000351 -0.15910835954321093 -2.0872445713434433 0.013629327167704871 0.9996965363892416 0.020520150396851643 -0.4661240118412905 0.15885091090386363 -0.02242620685389883 0.9870478475490227 -3.564027422174039
0.9863552199295205 -0.011799087331923665 -0.16420767843167658 -2.069353059528919 0.015098601610218698 0.9997081255320925 0.018859903884319157 -0.4609890921841925 0.16393722074990527 -0.02108187096164603 0.9862454777435248 -3.621890803583729
0.9857157109558734 -0.010169708124331676 -0.16811042267338125 -2.066742286215964 0.013958431107746232 0.9996741729729475 0.02137077658541862 -0.4821617199581167 0.167838313193881 -0.02341206798895554 0.985536491306493 -3.667590525057207
0.9846794567487817 -0.010968692690837242 -0.17402889196216273 -2.0366247482494053 0.014804767998309444 0.9996748695952066 0.020759911953642577 -0.4851058079733992 0.173744600783565 -0.023018316195167993 0.9845216964689498 -3.744242892072438
0.9838471454292219 -0.008451501312144276 -0.17881097996583492 -2.0273012869152716 0.013023580481219738 0.9996171725559388 0.024410954154220867 -0.5146608074312953 0.17853621700433944 -0.026345406750344632 0.9835805705487163 -3.801214020208021
0.9833568452751299 -0.01000355481728139 -0.1814090508810459 -2.0451629726945257 0.01435582887962377 0.9996393739488597 0.022694321499238463 -0.5063925748427669 0.18111660616222688 -0.02492089368681395 0.9831458305003014 -3.8413305512423124
0.9820562056529908 -0.009833418022292503 -0.18833192195814677 -1.996838421723606 0.014514575886959766 0.999618632843195 0.023492891680751228 -0.5194304150540074 0.18802908292408468 -0.025804898037013774 0.9818244095621309 -3.9248517536035443
0.9810845985432228 -0.009268590460618365 -0.19335745067660756 -1.9767478411809718 0.0142412542978141 0.9996022144222777 0.024343368667949807 -0.5284876159366589 0.19305490715676818 -0.026636556702247818 0.9808263335931288 -3.9798090653350675
0.9804272244728717 -0.010628933865078022 -0.19659471833524203 -1.9734132176658066 0.0155008903912506 0.999609280430731 0.023259597456417758 -0.5276700613295886 0.1962706802084809 -0.025851735756965297 0.9802089103088445 -4.0051986724832975
0.9794392237955443 -0.011816922626226425 -0.2013930664904516 -1.9531261487588791 0.016586492817994288 0.9996201118382185 0.022011821018400546 -0.5234953312374813 0.2010564476627902 -0.024899645543526396 0.9792631477315107 -4.054285104062172
0.9787013231139646 -0.012385392311946828 -0.20491540252566198 -1.952826280764468 0.017141560448356984 0.9996229286212345 0.02145151463420758 -0.5224782095910097 0.20457244936787122 -0.02450719551449057 0.9785445878076503 -4.089695589585261
0.9781688653886976 -0.013466047124909612 -0.20737486915973624 -1.9699389857549328 0.01804369569116812 0.9996331542789917 0.020198562127986052 -0.5145253194009252 0.20702679978686944 -0.02349941363232932 0.978053005582491 -4.119137412744472
0.9778427453130892 -0.01096100443595784 -0.2090536338366684 -2.0062627503655306 0.01591485240760503 0.9996306495258255 0.022029117127574986 -0.5163077721931055 0.20873495852732735 -0.0248680700966356 0.9776560213992771 -4.143378089955608
0.9777540153892703 0.013060536598909255 -0.20934781530722263 -2.08098364552669 -0.004248256629768148 0.9990879239475229 0.04248849888894978 -0.5631219560797776 0.20971179677301438 -0.04065393715222681 0.9769177138778151 -4.181261139294973
0.9807387383865042 0.03643225804150513 -0.1918963720398207 -2.4138304830292188 -0.023497747523291958 0.9973222988029168 0.06925379536023352 -0.7134915090899198 0.19390560303761137 -0.06341074738924515 0.9789686890938635 -3.9774162928826478
0.15213816314910722 -0.07360278589810845 -0.9856148381703946 6.24188908568772 -0.10343803184707734 -0.9929326996374062 0.0581827084138882 0.4347032517379269 -0.9829316114975746 0.0930982486344922 -0.15867628436528092 3.2498527894142617
0.9766675848323759 0.01352468997896119 -0.2143303793181612 -2.1929468555741667 -0.004373851633578213 0.9990606762042047 0.043111885649839185 -0.5704213111059621 0.21471212858052832 -0.04116853195549182 0.975809332716719 -4.255995887023229
0.15107900836011834 -0.06854946631845638 -0.9861420302879188 6.308896706706086 -0.09988127521256696 -0.9935458553219749 0.05376210779384171 0.45036314184466625 -0.9834626907487823 0.09037479759302375 -0.1569507306933775 3.1125293724237872
0.16011840142338274 -0.05413417508271494 -0.9856122912249696 6.238298849510842 -0.09124699372359156 -0.9950315185511144 0.03982792018509308 0.5456960210860666 -0.982871346444705 0.08355697563924432 -0.16426243685028974 3.1838338962014943
0.9765849988102699 0.01985381848823669 -0.21421383239693262 -2.4469512091679406 -0.009438886340995946 0.9987278777883015 0.04953315609889118 -0.5986490103593184 0.21492474851302432 -0.04635139717324076 0.9755300612778172 -4.204818820978552
0.9766819933894921 0.041409476336163424 -0.21065977085882504 -2.6826171998070025 -0.02668614827880388 0.9970286607470176 0.07226132533416683 -0.7182807784336294 0.2130261328540929 -0.06495463739082323 0.9748849992705073 -4.0028193444242
0.9767904657500721 0.09889349862214233 -0.19000121565408348 -2.8323759551863463 -0.07784786737330732 0.9902849898967093 0.11521869783460646 -0.6979367394509308 0.19954973205991824 -0.09775333608397581 0.974999584471331 -2.968151229324965
0.2031471666186272 -0.08528416067192363 -0.9754270042567559 6.286137844421495 -0.1132350138893205 -0.9915617521465867 0.06311199021958068 0.46307200448749336 -0.9725785625461365 0.09763146838226174 -0.21109011359420482 3.50644873191181
0.5298694911516584 0.23374199167066245 -0.8152318711118418 1.4826566527496046 0.0365164547545616 -0.966665195067126 -0.25342641767975443 3.206985947634758 -0.8472926713236937 0.10451354924442695 -0.5207418238873194 9.668386746905256
0.9732224877348313 0.15393049295496997 -0.1707143599872784 -3.739842457618038 -0.12648656046747375 0.9787442776315944 0.1614335436782471 -0.8176498805895331 0.19193524790494904 -0.13551768276519624 0.9720060793377876 -2.0020950765217105
0.2701886783205347 -0.1343449571016968 -0.9533884363724713 5.8001023170999755 -0.1350741220203689 -0.9857132259398386 0.10062016581035448 0.2443529394511192 -0.9532854030498049 0.10159167637469117 -0.28447508084813145 4.236309343765927
0.950954299946605 0.047527529796237575 -0.30565839318515403 -1.998813010127046 -0.03372442864323735 0.9981653724334677 0.05028471126937052 -0.3399761056563945 0.3074875319842248 -0.037510307733002096 0.950812491760613 -3.347051214862949
0.33956227771849323 -0.03491606113918449 -0.9399352787427198 5.257751513377244 -0.08213992220325886 -0.9965937275721585 0.007346791427081917 0.920995346691746 -0.9369901241374277 0.07471151744112277 -0.34127363863998217 4.939574256627005
0.43282205910104543 0.04703457118989297 -0.9002515283344504 3.9422975538598513 -0.04340188904811148 -0.9963926560975416 -0.07292428197755364 1.6114728441216266 -0.9004339738051793 0.07063585483215463 -0.42921933184508876 6.4576219543075934
0.9167891950746392 0.05618241870256624 -0.39539993376722343 -0.9774369301584644 -0.03340888830161193 0.9973741940003819 0.0642538973490255 -0.531704039936664 0.3979716296130235 -0.045697406609327654 0.9162588766567755 -3.7390859847302416
0.4578966908971587 -0.01868562428694214 -0.888809016555547 3.8192241007352714 -0.07984655428041937 -0.9966028054338354 -0.020183556945019034 1.2723300927839793 -0.8854124170322978 0.08021032132098724 -0.4578331094608692 6.661640803760964
0.4112905725568051 -0.11849192761030437 -0.9037697317442589 4.6887188597269915 -0.10501658966394627 -0.9910718636856474 0.08214667921475591 0.43613699107824117 -0.9054344707494019 0.06112466034140445 -0.42006213240055135 5.718670206406625
0.47599761858737244 -0.059026851325130664 -0.8774634453478909 3.80309339189952 -0.07716557781802424 -0.996700077634837 0.025187870944569056 0.9082019803452688 -0.8760546448134161 0.055720607187563394 -0.478981704489314 6.61679367288603
0.44814869438609317 -0.12140793806763985 -0.8856764986687886 4.398234617150458 -0.10565206978716958 -0.9909846207769525 0.08238398833054046 0.44737203647291374 -0.887693859317348 0.056653278437560024 -0.4569354639033273 6.036142668954583
0.582027799182056 0.09442274880691842 -0.8076682397414414 2.125071707593727 -0.0003273122010399934 -0.9932082560397865 -0.11634970133665555 1.9944108759013786 -0.8131688224753921 0.06798312027372298 -0.5780439096745442 8.188923214209773
-0.6833884039748416 0.3587301621210909 0.635840357399005 4.903853664217231 0.22421738766508478 0.9319872603681719 -0.2848268062877418 0.5377481607214151 -0.694771079119852 -0.05208087265019254 -0.7173428262153534 46.49615096385579
-0.7046308966686765 0.2880031866166404 0.6484978519305654 4.7163837020630535 0.18285041818300923 0.9567587069867798 -0.22622665885187965 0.15715800501466792 -0.6856099649437687 -0.04082819006087168 -0.7268232487105498 48.08140962687651
-0.8252426290288378 -0.30124742120158243 0.47772857822509235 15.146771736220005 -0.3760708991965783 0.9241750098685154 -0.06686725590306795 3.3615821786928484 -0.42136122509202106 -0.23484152604240527 -0.8759590033985754 89.21383651272998
0.400830641259089 0.6019656058402462 0.6906317444291225 -12.446098264658078 0.44342990306489083 0.5321810808548518 -0.7212164850085049 4.322059851983806 -0.8016886665630797 0.5953324336583276 -0.053615066341133256 37.524605495494455
0.17212269100977645 0.5195759900239898 0.836907742723261 -11.956689293676229 0.3208174130737081 0.7737016058629506 -0.5463167694239173 3.30951876184843 -0.9313699408442635 0.3625280894988451 -0.03351742257499067 40.37076117183025
0.06264500114233507 0.46803642421162966 0.8814859666739273 -11.42830314081412 0.23034772265361597 0.852594179780676 -0.46906619071556316 3.253248674112451 -0.971089867365616 0.2324329370276676 -0.054400361069781966 43.789953755692
-0.08257596318908238 0.40215030547192443 0.911842279186611 -10.36838685743527 0.13608840580175477 0.9109464094486944 -0.3894311042005615 3.2161472764601924 -0.9872492877230818 0.0919335135919952 -0.12995027113822502 47.31512266975938
-0.23075047787268121 0.36262407964755017 0.9029163825190549 -8.82652920216045 0.09820784512670497 0.9319002711127867 -0.3491662982813251 3.077977601438276 -0.9680441292198916 0.008103182071345194 -0.25064896234219736 49.23175465745901
-0.5138331275439364 0.10218012692287246 0.8517832697936972 -5.203940174639787 -0.09267636508062277 0.9804595805813862 -0.17352262734760052 2.8368182968772633 -0.8528696315345387 -0.16810185159062582 -0.49432292997386157 55.71874424258054
-0.515120379208616 0.2580601157355056 0.8173469101859683 -4.94705339257175 0.050045108596461246 0.9610278240604825 -0.27188418212015 2.5996826908352078 -0.8556555861031587 -0.09914886811331722 -0.5079596636764655 49.75919823617345
-0.4601484520984344 0.34515793204003764 0.8180033031603599 -6.399629180869327 0.08203922522868196 0.9339268024498599 -0.3479228264854975 3.3990710634058288 -0.8840435326132375 -0.09298779283123526 -0.4580614618466422 48.33503107729253
-0.5662262692968143 0.27001030833657436 0.7787696998151634 -4.952859063447384 0.03305868639007073 0.951501545062623 -0.3058626047714969 3.4275205967788454 -0.8235866288450624 -0.14744233834089177 -0.5476913561963486 48.80258286026788
-0.5532918181804157 0.2689022116212588 0.7883906167121761 -5.945351804515199 0.01709581258649931 0.9499279148346532 -0.31200110546261683 3.724818477069283 -0.8328120418957792 -0.15914948068744492 -0.5301844449531686 49.188750595290344
-0.5391074159528833 0.2544383570939181 0.8028849958144396 -6.9769053476409 0.08512780487347958 0.9648561902416741 -0.24860770098640306 1.8252736250425947 -0.8379238932635992 -0.06567841800523073 -0.5418209063023524 48.450053364961846
-0.25937446011140386 0.33728818505841796 0.9049649549357787 -13.11187754422502 0.12859539500823824 0.9407509400501393 -0.31376885310281233 2.4857971350347436 -0.9571771590591748 0.03499069897526266 -0.2873804745639996 46.613821887905004
-0.3613467601750984 0.2819677698045209 0.8887759536027202 -12.157783369604278 0.07311383324533113 0.9588143385704584 -0.27446207668796174 2.619176924855538 -0.9295605877505424 -0.03419416533795497 -0.3670801993539107 48.01094000140324
0.6295551911728321 0.179610164821248 -0.755910345186665 1.3161514894784299 -0.10387733200928087 0.9836360607642712 0.1472059776598098 -1.002687573171403 0.7699803641405231 -0.01415233751119993 0.6379106130023208 -5.2240820729121875
-0.47549963723456495 0.14282834225910002 0.8680438696502121 -9.403504826923434 0.18696012550493368 0.9805981013946423 -0.05893449764273727 -1.7447883139452574 -0.8596196871064415 0.1342662585638691 -0.4929772462804786 34.548140275101495
-0.48932177604375177 0.18191707462263618 0.8529187402385592 -15.183225343180634 -0.029090007371549667 0.9740530352338468 -0.22444254503737443 2.2052228568931422 -0.8716180189512559 -0.13463603719834033 -0.4713333921196497 68.06288778668048
-0.4704250706206574 0.22340252092269897 0.853692899453271 -17.425625204296608 -0.046694246401329034 0.959765991483087 -0.2768914750321848 3.0872032880406195 -0.8812036656100345 -0.1701192382944096 -0.44106637196409393 71.76437687237714
-0.28781335425583454 0.29512420279712615 0.9110791283062992 -22.021727380201156 -0.22448469225073617 0.9040386578209999 -0.3637591622355336 7.60109190676296 -0.9310048850876657 -0.3092180623582098 -0.19394353264374792 65.40944516893026
-0.19627405042736198 0.45454791419907703 0.8688283437055366 -22.48733333185603 -0.1375440950926715 0.8645397246161461 -0.48337634040753064 8.255091378909583 -0.9708543243113128 -0.214376440538384 -0.10716633197099372 62.42841781805535
-0.1889801481106681 0.45023622717818684 0.8726819829447735 -23.709277586585475 -0.10019542270266574 0.8752163506795894 -0.4732411824561932 7.510831103712349 -0.9768558649511728 -0.17687192891879114 -0.12028690648213539 62.85660603801173
-0.5146658348288364 0.24654384384677164 0.8211791592102149 -20.65027419477573 -0.2209376874412171 0.8872845657869685 -0.4048612572034498 7.933602184845471 -0.8284356442887184 -0.3897976813392937 -0.4021842250691175 67.87283046763535
0.4961992097149355 0.18580411516669576 -0.8480938480294469 -8.74426027046917 -0.7009264337293886 0.6621661101945719 -0.26502486111531304 12.17290194811802 0.5123362946128982 0.7259565230073433 0.4588013163945961 35.444521195894865
0.4830382401762403 0.19679317197493337 -0.8531978117596676 -10.151461597355752 -0.6813057553032122 0.6965412305261971 -0.22506172923838189 11.086455689751183 0.5499968420983526 0.6900020011862977 0.4705323708744641 36.35776952000198
0.4824963196213567 0.17015979980632284 -0.8592106517506156 -10.960913280779092 -0.6862338911825436 0.683035860134256 -0.2500901044886066 11.50505179007858 0.5443164044416727 0.7102870238857875 0.4463317102281218 36.19194455999235
0.4686916674027174 0.17161533788987873 -0.8665311862294416 -12.226559988418092 -0.6581463838239044 0.7221434795987557 -0.21296040085546258 10.40200511551146 0.589212574854592 0.6701171320552433 0.4514106455980822 36.68691074179287
0.45060125872232865 0.1517961486694832 -0.8797252041899022 -13.123989380536187 -0.6587264495031693 0.7216362860391587 -0.21288620292672344 10.311918528564766 0.6025263233774949 0.6754250512978636 0.4251623568902552 37.54231385321347
0.42957153648407004 0.20910512359040706 -0.8784892385971247 -14.892105758331738 -0.714750520350476 0.6732894358884542 -0.1892433068294117 10.570183053690243 0.5519057788259144 0.7091941784936251 0.43868397336729004 40.035592743668786
0.1734557876532652 -0.8406240899371488 0.5130928075377064 -10.889751997566087 -0.6667854107828178 0.28317608204186406 0.6893536991462427 -1.7371714153589757 -0.7247829369520051 -0.46169518730084225 -0.511397348767537 20.015288383528375
0.2589157093879033 -0.7265853501418761 0.6364246887035154 -14.081190458026715 -0.6345214691282538 0.3688315533465918 0.6792244036187621 -2.038636155340242 -0.7282480076508837 -0.5796869967621733 -0.3655377205397147 18.510418232271828
0.38227512702883926 -0.5052948874322232 0.7736554814579562 -18.099168551088194 -0.5559348086887592 0.5430073603045149 0.6293484687701364 -2.363305543207185 -0.7381071844544513 -0.670686277919848 -0.07333280893803794 15.688146691411307
0.3769315082645822 -0.5527849393727204 0.7432035043513215 -17.944467057293597 -0.5111559191166712 0.5449959607012748 0.6646044155520526 -3.549784816165313 -0.7724262194082864 -0.6304032151107671 -0.07713314429367973 16.772672646458215
0.3998262648662029 -0.6698098242586404 0.625694619802464 -16.64621911561874 -0.5999299554610303 0.32486156798933474 0.7311285866275758 -3.3895181408952526 -0.692981245391004 -0.6676973573185083 -0.27195079070709305 17.641063425860242
0.28477585483244905 -0.8405487201619006 -0.46084765545529127 1.2673041746545566 0.5029474560569744 0.5402821985829005 -0.674639905683206 3.590122947796314 0.8160554937933239 -0.03966100009604201 0.5766111654495741 -14.099878247000735
