0.9999865119768615 -0.000627772905968676 -0.005155750724070143 -1.0058102310966728 0.0006126538845958575 0.9999955095659244 -0.0029335137983167135 -0.008306207653242748 0.005157569152993275 0.0029303155403056155 0.9999824062108624 -0.08328857814450963
0.9999820112240082 -0.001140173396383362 -0.0058887378115964955 -1.1278308846692777 0.001117140233701531 0.999991719391774 -0.003913201449156395 -0.017758431871078673 0.005893150777452749 0.003906552509517062 0.9999750044983148 -0.11146528935102928
0.9999772323054301 -0.0018405521800867633 -0.006492090452561897 -1.2363338933175112 0.0018102745715496606 0.9999874729560819 -0.0046665658556384396 -0.020231239405385792 0.006500598183818792 0.004654707142429874 0.9999680374515331 -0.13916347799741757
0.9999736459335345 -0.001806509046253296 -0.007031640168542282 -1.341813214122428 0.0017751275856456776 0.9999884492306175 -0.00446657893689197 -0.015280423921575137 0.007039627862943615 0.00445397916593828 0.9999653022526035 -0.1459244505807984
0.9999700426051558 -0.002146798995188703 -0.007436742991206688 -1.449686502827126 0.002111400513359451 0.9999864205309723 -0.004764529517765589 -0.011766260045248 0.007446870491366858 0.004748684841904223 0.999960996295434 -0.16083021692593036
0.999962320698519 -0.0020898111798788354 -0.008425548793083097 -1.5603723535781606 0.0020513753134778065 0.9999874630519252 -0.004567887728246654 -0.008325117219276368 0.008434989185258299 0.004550431650631176 0.9999540712098919 -0.17334992872110355
0.99995878699465 -0.002104298409573274 -0.008831548017848407 -1.696554973240747 0.0020597942585014618 0.9999851509958365 -0.0050452983506075934 -0.029961997604691093 0.008842033691450127 0.0050268992467988344 0.9999482730242409 -0.20165868327359782
0.9999562426496487 -0.002064149962429707 -0.009124257280983927 -1.807901482945499 0.0020194423627441648 0.9999859246319608 -0.004906362247742969 -0.027016551196231336 0.009134256321153958 0.004887721646649348 0.9999463363293873 -0.21083293910649026
0.9999496974056087 -0.002086876292644979 -0.00981058641319563 -1.920783680089328 0.0020397807610507248 0.9999863609382584 -0.004808038259616907 -0.021910796398156296 0.009820486387059943 0.0047877849573982525 0.9999403158000598 -0.21472897989778517
0.9999418797195645 -0.0020650533766596356 -0.010581717131708586 -2.038303327617498 0.002013185868203978 0.999985919759779 -0.00490992513678021 -0.029327597660285393 0.010591707396072274 0.004888336807163455 0.999931957633966 -0.2394667368144372
0.9998360862776355 -0.00021736951829680456 -0.018103958890612434 -2.1949032642822086 0.00018353142595591425 0.9999982333233431 -0.0018707395350967908 0.003929758036971369 0.01810433354852247 0.0018671102498253773 0.9998343597846989 -0.0454153891496194
0.9998159000716478 -0.0031285732188080775 -0.018930874082711137 -2.295828922581765 0.003082415425764138 0.9999922064890451 -0.0024669163573366334 0.0013672379793311755 0.01893844447318519 0.0024081093799162494 0.9998177515578279 -0.09078269997342936
0.9997870846668809 -0.003304072410905835 -0.020368319488916202 -2.4189914933839542 0.0032530467223234314 0.9999914886590516 -0.002537773921420463 0.0007664134285443325 0.02037653111600337 0.002470974495487948 0.9997893234400541 -0.08909822430105052
0.9997609222934004 -0.003315224386158886 -0.0216126708742538 -2.5278625645075494 0.0032604854448928518 0.9999913886270241 -0.0025674708293927447 0.002727557495252518 0.02162099650138825 0.0024963892055443276 0.9997631222200694 -0.10044364108884629
0.9997362414227609 -0.0032576452814546365 -0.022734012692689407 -2.650166401716665 0.0031995994368077567 0.999991529351075 -0.002589167731550293 0.002836270444422112 0.02274225471089281 0.002515745082145276 0.99973819616805 -0.10133864631124112
0.9997148468301772 -0.0033522425019990405 -0.02364291643438234 -2.773998666749129 0.003290352090300647 0.9999910592343961 -0.002656131471200145 0.003219323548521162 0.023651609045416962 0.0025775805473809924 0.9997169386721846 -0.09751457307313594
0.9996679177431704 -0.0038607139243891694 -0.025478405033043428 -2.8890059494758944 0.0037882783509830854 0.9999886464113144 -0.0028906739011695737 0.0041291711462403125 0.02548927582669343 0.0027931946694524585 0.9996711933837892 -0.09836622892290237
0.9996344381755035 -0.004252586829218245 -0.026700290612752198 -3.0128534735643 0.0041734407103409515 0.9999867331166653 -0.003019268669156657 0.003830802028633673 0.026712776085287965 0.0029067328599721204 0.9996389240610322 -0.0910003941400479
0.9996369116379357 0.008891501459784337 -0.02543592130748751 -3.2424158389056035 -0.008984035649283567 0.999953426234121 -0.003525970234524415 0.0663073559564629 0.02540338549135619 0.003753207219566113 0.9996702363485394 0.09595939277621035
0.997101776885855 -0.03229574678798864 -0.06888418737618111 -2.9521499683844783 0.03111050118807734 0.9993500447947485 -0.018210565190591717 0.12536413747153335 0.06942753954229795 0.016014765316428276 0.9974584422646201 0.8598629109940195
0.9926993770431237 -0.06558290349746052 -0.10122662489205565 -2.7988860234492288 0.06269660920290146 0.9975373159264268 -0.03143944224630517 0.23901625726161912 0.10303922560196584 0.024863348590704503 0.9943664977684055 1.5465054764956463
0.9834380321065375 -0.12233731920090338 -0.13372814713872758 -2.6524813322117957 0.11847009992701474 0.992285320336634 -0.03653325153482509 0.19822825779868192 0.13716585737603962 0.020085402041281945 0.9903444371505986 1.8913747050323142
0.9596025467768244 -0.21526917573750692 -0.18116880028505716 -2.367134442549938 0.20695909974047438 0.976266059618471 -0.06381623517284846 0.3505437399794028 0.1906066191244285 0.023743689989516908 0.9813793119541683 3.709629793177058
0.936175503175341 -0.27649420121214885 -0.2170861210452034 -2.2067643245035162 0.265847920237002 0.9609023386601508 -0.07740528963264257 0.4047797621607453 0.2300006751295691 0.014753042178086775 0.9730786387473697 4.35939774609616
0.9099801533986193 -0.32976059233831573 -0.2513843116849353 -2.1186500723769384 0.31648003272379227 0.9440520829757367 -0.09276881758608443 0.4916038712147959 0.2679113833112973 0.004859667669297331 0.9634313023367941 5.267770559699073
0.881665320169903 -0.3792152416878503 -0.28082390154922326 -2.0991231936682286 0.36417410601270644 0.9252673733202221 -0.1061014061119964 0.5538619109866907 0.30007246411416794 -0.008722863103478438 0.953876526569204 6.019065029687061
0.9004493181278515 -0.3203483671630359 -0.2942243177221491 -2.4493156930690914 0.30347929654736544 0.9472946583263783 -0.10263112039448122 0.7714615337789246 0.31159483636639995 0.0031231334084616744 0.9502099262728786 6.282265985734458
0.8891557767224427 -0.33230637731714924 -0.31460209203923334 -2.516993465398978 0.31585027235867275 0.9431431819594008 -0.10353522962957501 0.7280346741294499 0.33112023521987005 -0.0073082089357787774 0.9435602682977325 6.142843524305473
0.870370197737467 -0.3574405854997032 -0.33866199480908965 -2.6159090955367015 0.34017233251589546 0.933755617866413 -0.11127996357659498 0.7785292866618683 0.35600351554603726 -0.01834867680631503 0.934304459466142 6.580867239708754
0.6023959428173737 -0.47879231971801745 -0.6386525210599321 -1.22086582251089 0.25192075342648973 0.8732670996720249 -0.41706175396868916 4.733384764393656 0.7574001994125674 0.09034648421189093 0.6466702797565027 16.196644918290012
0.5698790940102993 -0.49227098136304004 -0.657956760826933 -1.544512777635643 0.2541407904836749 0.8670276547907889 -0.4285738027928416 4.889858860184359 0.7814411537808419 0.07702159915149825 0.6192070707298267 16.760721734766257
0.5440599682941427 -0.49917423046020526 -0.6744062859613916 -1.9032375822854561 0.25262105140967683 0.8639340205646553 -0.4356611211660494 4.986720700213029 0.8001133390241947 0.06665655073172957 0.596133834772111 17.067043772677597
0.5242104880242578 -0.5064257010641098 -0.6846432454549556 -2.34699466733801 0.2433089224951838 0.8595149581539843 -0.44948281940891566 5.174019602749149 0.8160907624030567 0.06904379777561609 0.5737846473278261 17.45993928682725
0.5008701869633791 -0.5101576446873685 -0.6991911279316307 -2.748960212232384 0.2350854158214717 0.8576430787590876 -0.4573654957740896 5.296748917057329 0.8329849356857031 0.06471110433047564 0.549498471241745 17.74856207656004
0.4799060169306521 -0.5135285213967246 -0.7113217785403807 -3.2096768047417052 0.22850913800032072 0.8559700648729862 -0.4637874749189396 5.415206753367211 0.8470382451602212 0.06003087333555562 0.5281311442080114 18.113694535340457
0.4633025953534833 -0.5204514657348991 -0.7172732930711428 -3.7264561070269284 0.22205997491477336 0.8517382440413966 -0.4745854308532114 5.566407439031705 0.8579277782421878 0.060598972364829085 0.5101839784516463 18.45506045127166
0.4484194848621527 -0.5230421337061156 -0.7248081759776963 -4.187426582796716 0.22197699506401367 0.8506699466687788 -0.476536310785325 5.592780325250446 0.8658211011856389 0.052797426099108286 0.49756030040488236 18.531135422301183
0.4301566836414006 -0.5324912593700273 -0.728984421104563 -4.780721116723401 0.21787785624500172 0.8448772558709232 -0.4885812749892297 5.766192303399105 0.8760676156991051 0.051336938032388424 0.47944765253022603 19.016046856272236
0.39738262289568227 -0.546450051586175 -0.7372105480403915 -5.4012771470826255 0.21479333664432004 0.83643687879724 -0.5042193672610469 5.996997054662643 0.8921607890698556 0.04202010125401273 0.44975931067278063 19.8202775329545
0.37151298399085037 -0.5598228701922359 -0.7406594742092625 -5.999445111525077 0.22449162346355406 0.8282508596439442 -0.5134238254052548 6.099925215054026 0.9008782457807003 0.02447176962940381 0.4333814933407902 20.311038013727625
0.33104328464495103 -0.5781793258446156 -0.7457338740176334 -6.655951660585167 0.23770883060427603 0.8159049561307472 -0.5270613004329108 6.249868547365201 0.9131839111286562 -0.0027874230301780933 0.4075381880617095 21.08910827508817
0.28283876239446537 -0.5974852722573873 -0.7503423111638334 -7.3900157284053085 0.2580095950767481 0.8008444513292154 -0.5404435341675767 6.401964917800502 0.9238145286449546 -0.040737135524283596 0.38066678664387904 22.09068894471765
0.23732174326247313 -0.6170215885254126 -0.7503084362236889 -8.34819667426957 0.26879798277623834 0.7839272911836399 -0.5596477879817856 6.673599515063523 0.9335020271163239 -0.06886480546009702 0.35189714965975083 23.39867442261706
0.18460640078506724 -0.641001790692757 -0.7450081752020324 -9.764549504175253 0.25532959414260453 0.7632887649902494 -0.5934619276707078 7.24579531961086 0.9490665283024978 -0.08066576453700008 0.3045747187267933 25.624279153103917
0.14037129264732467 -0.6648545276137522 -0.7336650170970495 -11.56249850935809 0.2369519084483848 0.7420268867498617 -0.627096398030619 7.89696523374396 0.9613270480347401 -0.0858169939569236 0.261697822430776 28.264134094540516
0.6144475199389836 -0.5402596408516287 -0.5749554467153966 -13.011304782905048 -0.20519344605506054 0.5942425826116788 -0.7776704975161722 10.100591224568477 0.7618069932318035 0.5958147979681866 0.25427314365706766 24.184029987953537
0.5946826173584439 -0.5473153358718347 -0.5888960075694277 -12.92770048450823 -0.27331917260183236 0.5512314096485366 -0.7883150150194637 10.260664521472945 0.7560748736070789 0.629753805972134 0.17821596270719253 23.830749240867114
0.5940733878339737 -0.5508666374118717 -0.5861934472970529 -13.600250685604239 -0.2768057908815972 0.5442274383663701 -0.7919564694246726 10.321163491608973 0.755284955498174 0.6327420035968185 0.17082796282343535 23.998409381930355
0.5842287331844411 -0.5642122155725706 -0.5833878325097243 -14.314312766633655 -0.26959084053330923 0.5430906698227267 -0.7952190283513377 10.364864233223841 0.76550477857571 0.6218658216610663 0.16518272859945124 24.267651061095407
-0.15163085952112607 -0.7760566293322815 -0.6121635324897281 -17.38810858124529 0.08750958231888484 0.606352764939474 -0.7903659895596657 10.246950262451527 0.9845558163168093 -0.1734140493722267 -0.024029399432114185 34.46249733768578
0.1819349279330661 -0.6357075915736685 -0.7501836708524093 -7.959274210527595 0.5730666229327057 0.6885098638296794 -0.44446463648949686 3.5275023269163293 0.7990584006682454 -0.3490415812261377 0.48956679513286383 14.961251789203407
0.15638628755070202 -0.6551971740913869 -0.7390940346997599 -11.087128890977928 0.5598005811570139 0.6753025646671174 -0.48019762128761473 4.415638673282166 0.8137362216359665 -0.3386489468707598 0.47238781989055 19.172331435108063
0.05764258644334505 -0.6753356298617492 -0.7352544588558141 -9.797107479667389 0.5977805397582949 0.6132061827926323 -0.5163686703036606 4.319690157464019 0.7995847412966328 -0.4097559815599078 0.43904928773598256 17.44954182671619
-0.05571350573522958 -0.6953390607888679 -0.7165190826628036 -12.583707413053073 0.5450630856306498 0.5800831393698582 -0.6053179198583207 5.752773702335868 0.8365418327624061 -0.424272485509094 0.3466851887209057 21.781410522733992
0.5409126065393163 0.6139676776308973 -0.5748541057619445 -20.404702358328407 0.043360123745057544 -0.7029193837962373 -0.7099466455673492 10.026713004547556 -0.8399603870157544 0.35909334539648674 -0.40683967055377435 36.63640137152386
0.6615353556417082 -0.557677337256046 -0.5013650972564854 -19.317711433917708 -0.2555786139478674 0.4608747423017914 -0.8498670743126506 10.93794183194402 0.7050181170214604 0.6903553138922476 0.16235453566885857 24.186711127745433
-0.24146782813762982 -0.7787787466633429 -0.5789619605120605 -20.0435252808278 0.037421507965399614 0.5886999416943246 -0.807484990195294 10.505073121099922 0.9696870210104348 -0.2166472764531583 -0.11300902127413176 31.607584688230297
-0.16156420958075762 -0.7327519735397736 -0.6610382375143754 -21.242396787765465 0.15178342040358989 0.6434175507632477 -0.750317032100705 9.78690087208923 0.9751198897946508 -0.2215590229338228 0.007266352831896472 31.605545180606246
-0.1585091734482636 -0.7284649552787021 -0.6664935490036996 -22.108432879213268 0.15107132746167634 0.6491857997140577 -0.7454765264370079 9.776787347737924 0.9757316721064841 -0.2188529332232455 0.00714826327623902 31.7329584361669
-0.24193026625487607 -0.7310657480110563 -0.6379754057601906 -23.38419385565537 0.12951886655905115 0.6272917414193786 -0.7679387569020739 10.17611037410462 0.9616104250033398 -0.26841747937136806 -0.057074050958538125 33.042263081612624
-0.44038326065870226 -0.6929915888381359 -0.5708110383754028 -23.712954649082505 0.09040171205451059 0.5983235831917618 -0.7961384428943148 10.545036583460256 0.8932469502826321 -0.4022083385462896 -0.2008440644246436 34.15667024655901
-0.14398674743417708 -0.7077006888704453 -0.6916845751754361 -25.16260004821686 0.18538794210627102 0.6673020549695412 -0.7213454639456944 9.652083194592157 0.9720592201532416 -0.23209416710836245 0.03511652188567557 32.49944780016698
-0.0626130518732844 -0.6877210745508479 -0.7232698869396822 -26.283663313055207 0.21666919119743955 0.6980416793608036 -0.6824897621657022 9.286353043580522 0.9742351191170234 -0.19944306830215114 0.10530144911283365 32.21219815281097
0.8620732273315251 -0.2563218985091144 -0.4371828393966211 -4.641557728222942 0.34395655187231394 0.9294777014054763 0.13328575698138373 -2.1742360292620897 0.3721876423825981 -0.2652739846548763 0.8894414381638668 -1.6697765034651368
0.8560340011358057 -0.2628956763596027 -0.44507488386882754 -4.677909569267538 0.35327532868186956 0.9260962351821735 0.13244736813587948 -2.199295147395798 0.37736233389693297 -0.270613426372069 0.8856444221147832 -1.6492086365787308
0.842254833162374 -0.289463037185411 -0.4547724113422215 -4.620110357259945 0.3856716446749051 0.9129751347328107 0.13316826143402172 -2.3245928643792677 0.3766486141065371 -0.28755443565176236 0.8805954054096701 -1.6220134141652878
0.8069531135942359 -0.32271407731849033 -0.49465371398690977 -3.2868210360775065 0.4424307505386377 0.8851163083530547 0.14430575756108222 -2.8101540145216606 0.39125656983415097 -0.3352979943094434 0.8570259923559369 -2.6306348171168388
